{
 "cells": [
  {
   "cell_type": "code",
   "execution_count": 1,
   "metadata": {},
   "outputs": [],
   "source": [
    "import pandas as pd\n",
    "import warnings\n",
    "from sklearn import preprocessing\n",
    "\n",
    "warnings.filterwarnings('ignore')"
   ]
  },
  {
   "cell_type": "code",
   "execution_count": 2,
   "metadata": {},
   "outputs": [
    {
     "data": {
      "text/html": [
       "<div>\n",
       "<style scoped>\n",
       "    .dataframe tbody tr th:only-of-type {\n",
       "        vertical-align: middle;\n",
       "    }\n",
       "\n",
       "    .dataframe tbody tr th {\n",
       "        vertical-align: top;\n",
       "    }\n",
       "\n",
       "    .dataframe thead th {\n",
       "        text-align: right;\n",
       "    }\n",
       "</style>\n",
       "<table border=\"1\" class=\"dataframe\">\n",
       "  <thead>\n",
       "    <tr style=\"text-align: right;\">\n",
       "      <th></th>\n",
       "      <th>Person ID</th>\n",
       "      <th>Gender</th>\n",
       "      <th>Age</th>\n",
       "      <th>Occupation</th>\n",
       "      <th>Sleep Duration</th>\n",
       "      <th>Quality of Sleep</th>\n",
       "      <th>Physical Activity Level</th>\n",
       "      <th>Stress Level</th>\n",
       "      <th>BMI Category</th>\n",
       "      <th>Blood Pressure</th>\n",
       "      <th>Heart Rate</th>\n",
       "      <th>Daily Steps</th>\n",
       "      <th>Sleep Disorder</th>\n",
       "    </tr>\n",
       "  </thead>\n",
       "  <tbody>\n",
       "    <tr>\n",
       "      <th>0</th>\n",
       "      <td>1</td>\n",
       "      <td>Male</td>\n",
       "      <td>27</td>\n",
       "      <td>Software Engineer</td>\n",
       "      <td>6.1</td>\n",
       "      <td>6</td>\n",
       "      <td>42</td>\n",
       "      <td>6</td>\n",
       "      <td>Overweight</td>\n",
       "      <td>126/83</td>\n",
       "      <td>77</td>\n",
       "      <td>4200</td>\n",
       "      <td>None</td>\n",
       "    </tr>\n",
       "    <tr>\n",
       "      <th>1</th>\n",
       "      <td>2</td>\n",
       "      <td>Male</td>\n",
       "      <td>28</td>\n",
       "      <td>Doctor</td>\n",
       "      <td>6.2</td>\n",
       "      <td>6</td>\n",
       "      <td>60</td>\n",
       "      <td>8</td>\n",
       "      <td>Normal</td>\n",
       "      <td>125/80</td>\n",
       "      <td>75</td>\n",
       "      <td>10000</td>\n",
       "      <td>None</td>\n",
       "    </tr>\n",
       "    <tr>\n",
       "      <th>2</th>\n",
       "      <td>3</td>\n",
       "      <td>Male</td>\n",
       "      <td>28</td>\n",
       "      <td>Doctor</td>\n",
       "      <td>6.2</td>\n",
       "      <td>6</td>\n",
       "      <td>60</td>\n",
       "      <td>8</td>\n",
       "      <td>Normal</td>\n",
       "      <td>125/80</td>\n",
       "      <td>75</td>\n",
       "      <td>10000</td>\n",
       "      <td>None</td>\n",
       "    </tr>\n",
       "    <tr>\n",
       "      <th>3</th>\n",
       "      <td>4</td>\n",
       "      <td>Male</td>\n",
       "      <td>28</td>\n",
       "      <td>Sales Representative</td>\n",
       "      <td>5.9</td>\n",
       "      <td>4</td>\n",
       "      <td>30</td>\n",
       "      <td>8</td>\n",
       "      <td>Obese</td>\n",
       "      <td>140/90</td>\n",
       "      <td>85</td>\n",
       "      <td>3000</td>\n",
       "      <td>Sleep Apnea</td>\n",
       "    </tr>\n",
       "    <tr>\n",
       "      <th>4</th>\n",
       "      <td>5</td>\n",
       "      <td>Male</td>\n",
       "      <td>28</td>\n",
       "      <td>Sales Representative</td>\n",
       "      <td>5.9</td>\n",
       "      <td>4</td>\n",
       "      <td>30</td>\n",
       "      <td>8</td>\n",
       "      <td>Obese</td>\n",
       "      <td>140/90</td>\n",
       "      <td>85</td>\n",
       "      <td>3000</td>\n",
       "      <td>Sleep Apnea</td>\n",
       "    </tr>\n",
       "  </tbody>\n",
       "</table>\n",
       "</div>"
      ],
      "text/plain": [
       "   Person ID Gender  Age            Occupation  Sleep Duration  \\\n",
       "0          1   Male   27     Software Engineer             6.1   \n",
       "1          2   Male   28                Doctor             6.2   \n",
       "2          3   Male   28                Doctor             6.2   \n",
       "3          4   Male   28  Sales Representative             5.9   \n",
       "4          5   Male   28  Sales Representative             5.9   \n",
       "\n",
       "   Quality of Sleep  Physical Activity Level  Stress Level BMI Category  \\\n",
       "0                 6                       42             6   Overweight   \n",
       "1                 6                       60             8       Normal   \n",
       "2                 6                       60             8       Normal   \n",
       "3                 4                       30             8        Obese   \n",
       "4                 4                       30             8        Obese   \n",
       "\n",
       "  Blood Pressure  Heart Rate  Daily Steps Sleep Disorder  \n",
       "0         126/83          77         4200           None  \n",
       "1         125/80          75        10000           None  \n",
       "2         125/80          75        10000           None  \n",
       "3         140/90          85         3000    Sleep Apnea  \n",
       "4         140/90          85         3000    Sleep Apnea  "
      ]
     },
     "execution_count": 2,
     "metadata": {},
     "output_type": "execute_result"
    }
   ],
   "source": [
    "data = pd.read_csv('./Sleep_health_and_lifestyle_dataset.csv')\n",
    "data.head()"
   ]
  },
  {
   "cell_type": "markdown",
   "metadata": {},
   "source": [
    "## Preprocessing"
   ]
  },
  {
   "cell_type": "code",
   "execution_count": 6,
   "metadata": {},
   "outputs": [],
   "source": [
    "# Person ID\n",
    "\n",
    "data.drop(['Person ID'], axis=1, inplace=True)"
   ]
  },
  {
   "cell_type": "code",
   "execution_count": 7,
   "metadata": {},
   "outputs": [],
   "source": [
    "# Gender\n",
    "\n",
    "data[\"Gender\"] = data[\"Gender\"].replace({\n",
    "    \"Male\": 0,\n",
    "    \"Female\": 1\n",
    "})"
   ]
  },
  {
   "cell_type": "code",
   "execution_count": 8,
   "metadata": {},
   "outputs": [],
   "source": [
    "# Occupation, BMI Category\n",
    "\n",
    "from sklearn.preprocessing import OneHotEncoder\n",
    "\n",
    "ohe = OneHotEncoder(sparse=False, handle_unknown='ignore')\n",
    "ohe.fit(data[[\"Occupation\", \"BMI Category\"]])\n",
    "\n",
    "data_ohe = pd.DataFrame(ohe.transform(data[[\"Occupation\", \"BMI Category\"]]))\n",
    "\n",
    "data.drop([\"Occupation\", \"BMI Category\"], axis=1, inplace=True)\n",
    "data = pd.concat([data, data_ohe], axis=1)"
   ]
  },
  {
   "cell_type": "code",
   "execution_count": 9,
   "metadata": {},
   "outputs": [
    {
     "data": {
      "text/plain": [
       "125"
      ]
     },
     "execution_count": 9,
     "metadata": {},
     "output_type": "execute_result"
    }
   ],
   "source": [
    "int(\"125/83\".split(\"/\")[0])"
   ]
  },
  {
   "cell_type": "code",
   "execution_count": 10,
   "metadata": {},
   "outputs": [
    {
     "data": {
      "text/plain": [
       "83"
      ]
     },
     "execution_count": 10,
     "metadata": {},
     "output_type": "execute_result"
    }
   ],
   "source": [
    "int(\"125/83\".split(\"/\")[1])"
   ]
  },
  {
   "cell_type": "code",
   "execution_count": 9,
   "metadata": {},
   "outputs": [],
   "source": [
    "# Blood Pressure\n",
    "\n",
    "data[\"systolic\"] = data[\"Blood Pressure\"].apply(lambda x: int(x.split(\"/\")[0]))\n",
    "data[\"diastolic\"] = data[\"Blood Pressure\"].apply(lambda x: int(x.split(\"/\")[1]))\n",
    "\n",
    "data.drop([\"Blood Pressure\"], axis=1, inplace=True)"
   ]
  },
  {
   "cell_type": "code",
   "execution_count": 10,
   "metadata": {},
   "outputs": [],
   "source": [
    "# Sleep Disorder\n",
    "\n",
    "data[\"Sleep Disorder\"] = data[\"Sleep Disorder\"].replace({\n",
    "    \"None\": 0,\n",
    "    \"Insomnia\": 1,\n",
    "    \"Sleep Apnea\": 2\n",
    "})"
   ]
  },
  {
   "cell_type": "code",
   "execution_count": 11,
   "metadata": {},
   "outputs": [
    {
     "data": {
      "text/html": [
       "<div>\n",
       "<style scoped>\n",
       "    .dataframe tbody tr th:only-of-type {\n",
       "        vertical-align: middle;\n",
       "    }\n",
       "\n",
       "    .dataframe tbody tr th {\n",
       "        vertical-align: top;\n",
       "    }\n",
       "\n",
       "    .dataframe thead th {\n",
       "        text-align: right;\n",
       "    }\n",
       "</style>\n",
       "<table border=\"1\" class=\"dataframe\">\n",
       "  <thead>\n",
       "    <tr style=\"text-align: right;\">\n",
       "      <th></th>\n",
       "      <th>Gender</th>\n",
       "      <th>Age</th>\n",
       "      <th>Sleep Duration</th>\n",
       "      <th>Quality of Sleep</th>\n",
       "      <th>Physical Activity Level</th>\n",
       "      <th>Stress Level</th>\n",
       "      <th>Heart Rate</th>\n",
       "      <th>Daily Steps</th>\n",
       "      <th>Sleep Disorder</th>\n",
       "      <th>0</th>\n",
       "      <th>...</th>\n",
       "      <th>7</th>\n",
       "      <th>8</th>\n",
       "      <th>9</th>\n",
       "      <th>10</th>\n",
       "      <th>11</th>\n",
       "      <th>12</th>\n",
       "      <th>13</th>\n",
       "      <th>14</th>\n",
       "      <th>systolic</th>\n",
       "      <th>diastolic</th>\n",
       "    </tr>\n",
       "  </thead>\n",
       "  <tbody>\n",
       "    <tr>\n",
       "      <th>0</th>\n",
       "      <td>0</td>\n",
       "      <td>27</td>\n",
       "      <td>6.1</td>\n",
       "      <td>6</td>\n",
       "      <td>42</td>\n",
       "      <td>6</td>\n",
       "      <td>77</td>\n",
       "      <td>4200</td>\n",
       "      <td>0</td>\n",
       "      <td>0.0</td>\n",
       "      <td>...</td>\n",
       "      <td>0.0</td>\n",
       "      <td>0.0</td>\n",
       "      <td>1.0</td>\n",
       "      <td>0.0</td>\n",
       "      <td>0.0</td>\n",
       "      <td>0.0</td>\n",
       "      <td>0.0</td>\n",
       "      <td>1.0</td>\n",
       "      <td>126</td>\n",
       "      <td>83</td>\n",
       "    </tr>\n",
       "    <tr>\n",
       "      <th>1</th>\n",
       "      <td>0</td>\n",
       "      <td>28</td>\n",
       "      <td>6.2</td>\n",
       "      <td>6</td>\n",
       "      <td>60</td>\n",
       "      <td>8</td>\n",
       "      <td>75</td>\n",
       "      <td>10000</td>\n",
       "      <td>0</td>\n",
       "      <td>0.0</td>\n",
       "      <td>...</td>\n",
       "      <td>0.0</td>\n",
       "      <td>0.0</td>\n",
       "      <td>0.0</td>\n",
       "      <td>0.0</td>\n",
       "      <td>1.0</td>\n",
       "      <td>0.0</td>\n",
       "      <td>0.0</td>\n",
       "      <td>0.0</td>\n",
       "      <td>125</td>\n",
       "      <td>80</td>\n",
       "    </tr>\n",
       "    <tr>\n",
       "      <th>2</th>\n",
       "      <td>0</td>\n",
       "      <td>28</td>\n",
       "      <td>6.2</td>\n",
       "      <td>6</td>\n",
       "      <td>60</td>\n",
       "      <td>8</td>\n",
       "      <td>75</td>\n",
       "      <td>10000</td>\n",
       "      <td>0</td>\n",
       "      <td>0.0</td>\n",
       "      <td>...</td>\n",
       "      <td>0.0</td>\n",
       "      <td>0.0</td>\n",
       "      <td>0.0</td>\n",
       "      <td>0.0</td>\n",
       "      <td>1.0</td>\n",
       "      <td>0.0</td>\n",
       "      <td>0.0</td>\n",
       "      <td>0.0</td>\n",
       "      <td>125</td>\n",
       "      <td>80</td>\n",
       "    </tr>\n",
       "    <tr>\n",
       "      <th>3</th>\n",
       "      <td>0</td>\n",
       "      <td>28</td>\n",
       "      <td>5.9</td>\n",
       "      <td>4</td>\n",
       "      <td>30</td>\n",
       "      <td>8</td>\n",
       "      <td>85</td>\n",
       "      <td>3000</td>\n",
       "      <td>2</td>\n",
       "      <td>0.0</td>\n",
       "      <td>...</td>\n",
       "      <td>0.0</td>\n",
       "      <td>0.0</td>\n",
       "      <td>0.0</td>\n",
       "      <td>0.0</td>\n",
       "      <td>0.0</td>\n",
       "      <td>0.0</td>\n",
       "      <td>1.0</td>\n",
       "      <td>0.0</td>\n",
       "      <td>140</td>\n",
       "      <td>90</td>\n",
       "    </tr>\n",
       "    <tr>\n",
       "      <th>4</th>\n",
       "      <td>0</td>\n",
       "      <td>28</td>\n",
       "      <td>5.9</td>\n",
       "      <td>4</td>\n",
       "      <td>30</td>\n",
       "      <td>8</td>\n",
       "      <td>85</td>\n",
       "      <td>3000</td>\n",
       "      <td>2</td>\n",
       "      <td>0.0</td>\n",
       "      <td>...</td>\n",
       "      <td>0.0</td>\n",
       "      <td>0.0</td>\n",
       "      <td>0.0</td>\n",
       "      <td>0.0</td>\n",
       "      <td>0.0</td>\n",
       "      <td>0.0</td>\n",
       "      <td>1.0</td>\n",
       "      <td>0.0</td>\n",
       "      <td>140</td>\n",
       "      <td>90</td>\n",
       "    </tr>\n",
       "  </tbody>\n",
       "</table>\n",
       "<p>5 rows × 26 columns</p>\n",
       "</div>"
      ],
      "text/plain": [
       "   Gender  Age  Sleep Duration  Quality of Sleep  Physical Activity Level  \\\n",
       "0       0   27             6.1                 6                       42   \n",
       "1       0   28             6.2                 6                       60   \n",
       "2       0   28             6.2                 6                       60   \n",
       "3       0   28             5.9                 4                       30   \n",
       "4       0   28             5.9                 4                       30   \n",
       "\n",
       "   Stress Level  Heart Rate  Daily Steps  Sleep Disorder    0  ...    7    8  \\\n",
       "0             6          77         4200               0  0.0  ...  0.0  0.0   \n",
       "1             8          75        10000               0  0.0  ...  0.0  0.0   \n",
       "2             8          75        10000               0  0.0  ...  0.0  0.0   \n",
       "3             8          85         3000               2  0.0  ...  0.0  0.0   \n",
       "4             8          85         3000               2  0.0  ...  0.0  0.0   \n",
       "\n",
       "     9   10   11   12   13   14  systolic  diastolic  \n",
       "0  1.0  0.0  0.0  0.0  0.0  1.0       126         83  \n",
       "1  0.0  0.0  1.0  0.0  0.0  0.0       125         80  \n",
       "2  0.0  0.0  1.0  0.0  0.0  0.0       125         80  \n",
       "3  0.0  0.0  0.0  0.0  1.0  0.0       140         90  \n",
       "4  0.0  0.0  0.0  0.0  1.0  0.0       140         90  \n",
       "\n",
       "[5 rows x 26 columns]"
      ]
     },
     "execution_count": 11,
     "metadata": {},
     "output_type": "execute_result"
    }
   ],
   "source": [
    "data.head()"
   ]
  },
  {
   "cell_type": "code",
   "execution_count": 3,
   "metadata": {},
   "outputs": [
    {
     "data": {
      "text/html": [
       "<div>\n",
       "<style scoped>\n",
       "    .dataframe tbody tr th:only-of-type {\n",
       "        vertical-align: middle;\n",
       "    }\n",
       "\n",
       "    .dataframe tbody tr th {\n",
       "        vertical-align: top;\n",
       "    }\n",
       "\n",
       "    .dataframe thead th {\n",
       "        text-align: right;\n",
       "    }\n",
       "</style>\n",
       "<table border=\"1\" class=\"dataframe\">\n",
       "  <thead>\n",
       "    <tr style=\"text-align: right;\">\n",
       "      <th></th>\n",
       "      <th>Person ID</th>\n",
       "      <th>Gender</th>\n",
       "      <th>Age</th>\n",
       "      <th>Occupation</th>\n",
       "      <th>Sleep Duration</th>\n",
       "      <th>Quality of Sleep</th>\n",
       "      <th>Physical Activity Level</th>\n",
       "      <th>Stress Level</th>\n",
       "      <th>BMI Category</th>\n",
       "      <th>Heart Rate</th>\n",
       "      <th>Daily Steps</th>\n",
       "      <th>Sleep Disorder</th>\n",
       "    </tr>\n",
       "  </thead>\n",
       "  <tbody>\n",
       "    <tr>\n",
       "      <th>0</th>\n",
       "      <td>1</td>\n",
       "      <td>1</td>\n",
       "      <td>27</td>\n",
       "      <td>9</td>\n",
       "      <td>6.1</td>\n",
       "      <td>6</td>\n",
       "      <td>42</td>\n",
       "      <td>6</td>\n",
       "      <td>3</td>\n",
       "      <td>77</td>\n",
       "      <td>4200</td>\n",
       "      <td>1</td>\n",
       "    </tr>\n",
       "    <tr>\n",
       "      <th>1</th>\n",
       "      <td>2</td>\n",
       "      <td>1</td>\n",
       "      <td>28</td>\n",
       "      <td>1</td>\n",
       "      <td>6.2</td>\n",
       "      <td>6</td>\n",
       "      <td>60</td>\n",
       "      <td>8</td>\n",
       "      <td>0</td>\n",
       "      <td>75</td>\n",
       "      <td>10000</td>\n",
       "      <td>1</td>\n",
       "    </tr>\n",
       "    <tr>\n",
       "      <th>2</th>\n",
       "      <td>3</td>\n",
       "      <td>1</td>\n",
       "      <td>28</td>\n",
       "      <td>1</td>\n",
       "      <td>6.2</td>\n",
       "      <td>6</td>\n",
       "      <td>60</td>\n",
       "      <td>8</td>\n",
       "      <td>0</td>\n",
       "      <td>75</td>\n",
       "      <td>10000</td>\n",
       "      <td>1</td>\n",
       "    </tr>\n",
       "    <tr>\n",
       "      <th>3</th>\n",
       "      <td>4</td>\n",
       "      <td>1</td>\n",
       "      <td>28</td>\n",
       "      <td>6</td>\n",
       "      <td>5.9</td>\n",
       "      <td>4</td>\n",
       "      <td>30</td>\n",
       "      <td>8</td>\n",
       "      <td>2</td>\n",
       "      <td>85</td>\n",
       "      <td>3000</td>\n",
       "      <td>2</td>\n",
       "    </tr>\n",
       "    <tr>\n",
       "      <th>4</th>\n",
       "      <td>5</td>\n",
       "      <td>1</td>\n",
       "      <td>28</td>\n",
       "      <td>6</td>\n",
       "      <td>5.9</td>\n",
       "      <td>4</td>\n",
       "      <td>30</td>\n",
       "      <td>8</td>\n",
       "      <td>2</td>\n",
       "      <td>85</td>\n",
       "      <td>3000</td>\n",
       "      <td>2</td>\n",
       "    </tr>\n",
       "  </tbody>\n",
       "</table>\n",
       "</div>"
      ],
      "text/plain": [
       "   Person ID  Gender  Age  Occupation  Sleep Duration  Quality of Sleep  \\\n",
       "0          1       1   27           9             6.1                 6   \n",
       "1          2       1   28           1             6.2                 6   \n",
       "2          3       1   28           1             6.2                 6   \n",
       "3          4       1   28           6             5.9                 4   \n",
       "4          5       1   28           6             5.9                 4   \n",
       "\n",
       "   Physical Activity Level  Stress Level  BMI Category  Heart Rate  \\\n",
       "0                       42             6             3          77   \n",
       "1                       60             8             0          75   \n",
       "2                       60             8             0          75   \n",
       "3                       30             8             2          85   \n",
       "4                       30             8             2          85   \n",
       "\n",
       "   Daily Steps  Sleep Disorder  \n",
       "0         4200               1  \n",
       "1        10000               1  \n",
       "2        10000               1  \n",
       "3         3000               2  \n",
       "4         3000               2  "
      ]
     },
     "execution_count": 3,
     "metadata": {},
     "output_type": "execute_result"
    }
   ],
   "source": [
    "df1 = data.copy()\n",
    "label_encoder = preprocessing.LabelEncoder()\n",
    "df1['Gender'] = label_encoder.fit_transform(df1['Gender'])\n",
    "df1['Occupation'] = label_encoder.fit_transform(df1['Occupation'])\n",
    "df1['BMI Category'] = label_encoder.fit_transform(df1['BMI Category'])\n",
    "df1['Sleep Disorder'] = label_encoder.fit_transform(df1['Sleep Disorder'])\n",
    "df1.drop('Blood Pressure', axis = 1, inplace = True)\n",
    "df1.head()"
   ]
  },
  {
   "cell_type": "code",
   "execution_count": 4,
   "metadata": {},
   "outputs": [
    {
     "data": {
      "application/vnd.plotly.v1+json": {
       "config": {
        "plotlyServerURL": "https://plot.ly"
       },
       "data": [
        {
         "coloraxis": "coloraxis",
         "hovertemplate": "x: %{x}<br>y: %{y}<br>color: %{z}<extra></extra>",
         "name": "0",
         "type": "heatmap",
         "x": [
          "Person ID",
          "Gender",
          "Age",
          "Occupation",
          "Sleep Duration",
          "Quality of Sleep",
          "Physical Activity Level",
          "Stress Level",
          "BMI Category",
          "Heart Rate",
          "Daily Steps",
          "Sleep Disorder"
         ],
         "xaxis": "x",
         "y": [
          "Person ID",
          "Gender",
          "Age",
          "Occupation",
          "Sleep Duration",
          "Quality of Sleep",
          "Physical Activity Level",
          "Stress Level",
          "BMI Category",
          "Heart Rate",
          "Daily Steps",
          "Sleep Disorder"
         ],
         "yaxis": "y",
         "z": [
          [
           1,
           -0.5842293107188101,
           0.9905164030218659,
           0.2693428772401652,
           0.29630499498390384,
           0.4316120785527803,
           0.14988220060792123,
           -0.3942870766190161,
           0.5276143057740174,
           -0.22546715903704553,
           0.04384386514739116,
           0.17098010501784772
          ],
          [
           -0.5842293107188101,
           1,
           -0.5963576704255387,
           -0.2191127771838447,
           -0.12157853797785176,
           -0.29136585512941326,
           0.0014544629225321604,
           0.396018154094868,
           -0.35205977159189616,
           0.2171048410619497,
           -0.014509369942328225,
           -0.25341534527416404
          ],
          [
           0.9905164030218659,
           -0.5963576704255387,
           1,
           0.2311884255077442,
           0.3447093581647443,
           0.4737338761619895,
           0.17899272043316286,
           -0.42234448262025065,
           0.5113294754790936,
           -0.2256061902985921,
           0.0579734029456786,
           0.23199960010770188
          ],
          [
           0.2693428772401652,
           -0.2191127771838447,
           0.2311884255077442,
           1,
           -0.3257751871135218,
           -0.2780711409817838,
           -0.10366022279985426,
           0.021122681001185778,
           0.6995040978019781,
           0.04392794823580237,
           -0.10587707672131363,
           -0.16980024941038938
          ],
          [
           0.29630499498390384,
           -0.12157853797785176,
           0.3447093581647443,
           -0.3257751871135218,
           1,
           0.8832130004106182,
           0.21236031472575895,
           -0.8110230278940436,
           -0.37635793904708587,
           -0.516454888517144,
           -0.039532537675731685,
           0.17755243091752843
          ],
          [
           0.4316120785527803,
           -0.29136585512941326,
           0.4737338761619895,
           -0.2780711409817838,
           0.8832130004106182,
           1,
           0.19289645493975385,
           -0.8987520310040412,
           -0.31256212227466473,
           -0.6598647331480086,
           0.01679141492471703,
           0.17959243653634047
          ],
          [
           0.14988220060792123,
           0.0014544629225321604,
           0.17899272043316286,
           -0.10366022279985426,
           0.21236031472575895,
           0.19289645493975385,
           1,
           -0.034134463516743055,
           0.07715550451841327,
           0.13697098321363213,
           0.7727230504529323,
           0.43321445587050633
          ],
          [
           -0.3942870766190161,
           0.396018154094868,
           -0.42234448262025065,
           0.021122681001185778,
           -0.8110230278940436,
           -0.8987520310040412,
           -0.034134463516743055,
           1,
           0.16389501207537324,
           0.6700264629986896,
           0.18682895445881678,
           -0.03605780291370065
          ],
          [
           0.5276143057740174,
           -0.35205977159189616,
           0.5113294754790936,
           0.6995040978019781,
           -0.37635793904708587,
           -0.31256212227466473,
           0.07715550451841327,
           0.16389501207537324,
           1,
           0.29558530897840457,
           -0.005059262822243171,
           0.016572747449673877
          ],
          [
           -0.22546715903704553,
           0.2171048410619497,
           -0.2256061902985921,
           0.04392794823580237,
           -0.516454888517144,
           -0.6598647331480086,
           0.13697098321363213,
           0.6700264629986896,
           0.29558530897840457,
           1,
           -0.030308575297108724,
           0.20598687275269165
          ],
          [
           0.04384386514739116,
           -0.014509369942328225,
           0.0579734029456786,
           -0.10587707672131363,
           -0.039532537675731685,
           0.01679141492471703,
           0.7727230504529323,
           0.18682895445881678,
           -0.005059262822243171,
           -0.030308575297108724,
           1,
           0.34209811843345067
          ],
          [
           0.17098010501784772,
           -0.25341534527416404,
           0.23199960010770188,
           -0.16980024941038938,
           0.17755243091752843,
           0.17959243653634047,
           0.43321445587050633,
           -0.03605780291370065,
           0.016572747449673877,
           0.20598687275269165,
           0.34209811843345067,
           1
          ]
         ]
        }
       ],
       "layout": {
        "coloraxis": {
         "colorscale": [
          [
           0,
           "#0d0887"
          ],
          [
           0.1111111111111111,
           "#46039f"
          ],
          [
           0.2222222222222222,
           "#7201a8"
          ],
          [
           0.3333333333333333,
           "#9c179e"
          ],
          [
           0.4444444444444444,
           "#bd3786"
          ],
          [
           0.5555555555555556,
           "#d8576b"
          ],
          [
           0.6666666666666666,
           "#ed7953"
          ],
          [
           0.7777777777777778,
           "#fb9f3a"
          ],
          [
           0.8888888888888888,
           "#fdca26"
          ],
          [
           1,
           "#f0f921"
          ]
         ]
        },
        "margin": {
         "t": 60
        },
        "template": {
         "data": {
          "bar": [
           {
            "error_x": {
             "color": "#2a3f5f"
            },
            "error_y": {
             "color": "#2a3f5f"
            },
            "marker": {
             "line": {
              "color": "#E5ECF6",
              "width": 0.5
             },
             "pattern": {
              "fillmode": "overlay",
              "size": 10,
              "solidity": 0.2
             }
            },
            "type": "bar"
           }
          ],
          "barpolar": [
           {
            "marker": {
             "line": {
              "color": "#E5ECF6",
              "width": 0.5
             },
             "pattern": {
              "fillmode": "overlay",
              "size": 10,
              "solidity": 0.2
             }
            },
            "type": "barpolar"
           }
          ],
          "carpet": [
           {
            "aaxis": {
             "endlinecolor": "#2a3f5f",
             "gridcolor": "white",
             "linecolor": "white",
             "minorgridcolor": "white",
             "startlinecolor": "#2a3f5f"
            },
            "baxis": {
             "endlinecolor": "#2a3f5f",
             "gridcolor": "white",
             "linecolor": "white",
             "minorgridcolor": "white",
             "startlinecolor": "#2a3f5f"
            },
            "type": "carpet"
           }
          ],
          "choropleth": [
           {
            "colorbar": {
             "outlinewidth": 0,
             "ticks": ""
            },
            "type": "choropleth"
           }
          ],
          "contour": [
           {
            "colorbar": {
             "outlinewidth": 0,
             "ticks": ""
            },
            "colorscale": [
             [
              0,
              "#0d0887"
             ],
             [
              0.1111111111111111,
              "#46039f"
             ],
             [
              0.2222222222222222,
              "#7201a8"
             ],
             [
              0.3333333333333333,
              "#9c179e"
             ],
             [
              0.4444444444444444,
              "#bd3786"
             ],
             [
              0.5555555555555556,
              "#d8576b"
             ],
             [
              0.6666666666666666,
              "#ed7953"
             ],
             [
              0.7777777777777778,
              "#fb9f3a"
             ],
             [
              0.8888888888888888,
              "#fdca26"
             ],
             [
              1,
              "#f0f921"
             ]
            ],
            "type": "contour"
           }
          ],
          "contourcarpet": [
           {
            "colorbar": {
             "outlinewidth": 0,
             "ticks": ""
            },
            "type": "contourcarpet"
           }
          ],
          "heatmap": [
           {
            "colorbar": {
             "outlinewidth": 0,
             "ticks": ""
            },
            "colorscale": [
             [
              0,
              "#0d0887"
             ],
             [
              0.1111111111111111,
              "#46039f"
             ],
             [
              0.2222222222222222,
              "#7201a8"
             ],
             [
              0.3333333333333333,
              "#9c179e"
             ],
             [
              0.4444444444444444,
              "#bd3786"
             ],
             [
              0.5555555555555556,
              "#d8576b"
             ],
             [
              0.6666666666666666,
              "#ed7953"
             ],
             [
              0.7777777777777778,
              "#fb9f3a"
             ],
             [
              0.8888888888888888,
              "#fdca26"
             ],
             [
              1,
              "#f0f921"
             ]
            ],
            "type": "heatmap"
           }
          ],
          "heatmapgl": [
           {
            "colorbar": {
             "outlinewidth": 0,
             "ticks": ""
            },
            "colorscale": [
             [
              0,
              "#0d0887"
             ],
             [
              0.1111111111111111,
              "#46039f"
             ],
             [
              0.2222222222222222,
              "#7201a8"
             ],
             [
              0.3333333333333333,
              "#9c179e"
             ],
             [
              0.4444444444444444,
              "#bd3786"
             ],
             [
              0.5555555555555556,
              "#d8576b"
             ],
             [
              0.6666666666666666,
              "#ed7953"
             ],
             [
              0.7777777777777778,
              "#fb9f3a"
             ],
             [
              0.8888888888888888,
              "#fdca26"
             ],
             [
              1,
              "#f0f921"
             ]
            ],
            "type": "heatmapgl"
           }
          ],
          "histogram": [
           {
            "marker": {
             "pattern": {
              "fillmode": "overlay",
              "size": 10,
              "solidity": 0.2
             }
            },
            "type": "histogram"
           }
          ],
          "histogram2d": [
           {
            "colorbar": {
             "outlinewidth": 0,
             "ticks": ""
            },
            "colorscale": [
             [
              0,
              "#0d0887"
             ],
             [
              0.1111111111111111,
              "#46039f"
             ],
             [
              0.2222222222222222,
              "#7201a8"
             ],
             [
              0.3333333333333333,
              "#9c179e"
             ],
             [
              0.4444444444444444,
              "#bd3786"
             ],
             [
              0.5555555555555556,
              "#d8576b"
             ],
             [
              0.6666666666666666,
              "#ed7953"
             ],
             [
              0.7777777777777778,
              "#fb9f3a"
             ],
             [
              0.8888888888888888,
              "#fdca26"
             ],
             [
              1,
              "#f0f921"
             ]
            ],
            "type": "histogram2d"
           }
          ],
          "histogram2dcontour": [
           {
            "colorbar": {
             "outlinewidth": 0,
             "ticks": ""
            },
            "colorscale": [
             [
              0,
              "#0d0887"
             ],
             [
              0.1111111111111111,
              "#46039f"
             ],
             [
              0.2222222222222222,
              "#7201a8"
             ],
             [
              0.3333333333333333,
              "#9c179e"
             ],
             [
              0.4444444444444444,
              "#bd3786"
             ],
             [
              0.5555555555555556,
              "#d8576b"
             ],
             [
              0.6666666666666666,
              "#ed7953"
             ],
             [
              0.7777777777777778,
              "#fb9f3a"
             ],
             [
              0.8888888888888888,
              "#fdca26"
             ],
             [
              1,
              "#f0f921"
             ]
            ],
            "type": "histogram2dcontour"
           }
          ],
          "mesh3d": [
           {
            "colorbar": {
             "outlinewidth": 0,
             "ticks": ""
            },
            "type": "mesh3d"
           }
          ],
          "parcoords": [
           {
            "line": {
             "colorbar": {
              "outlinewidth": 0,
              "ticks": ""
             }
            },
            "type": "parcoords"
           }
          ],
          "pie": [
           {
            "automargin": true,
            "type": "pie"
           }
          ],
          "scatter": [
           {
            "fillpattern": {
             "fillmode": "overlay",
             "size": 10,
             "solidity": 0.2
            },
            "type": "scatter"
           }
          ],
          "scatter3d": [
           {
            "line": {
             "colorbar": {
              "outlinewidth": 0,
              "ticks": ""
             }
            },
            "marker": {
             "colorbar": {
              "outlinewidth": 0,
              "ticks": ""
             }
            },
            "type": "scatter3d"
           }
          ],
          "scattercarpet": [
           {
            "marker": {
             "colorbar": {
              "outlinewidth": 0,
              "ticks": ""
             }
            },
            "type": "scattercarpet"
           }
          ],
          "scattergeo": [
           {
            "marker": {
             "colorbar": {
              "outlinewidth": 0,
              "ticks": ""
             }
            },
            "type": "scattergeo"
           }
          ],
          "scattergl": [
           {
            "marker": {
             "colorbar": {
              "outlinewidth": 0,
              "ticks": ""
             }
            },
            "type": "scattergl"
           }
          ],
          "scattermapbox": [
           {
            "marker": {
             "colorbar": {
              "outlinewidth": 0,
              "ticks": ""
             }
            },
            "type": "scattermapbox"
           }
          ],
          "scatterpolar": [
           {
            "marker": {
             "colorbar": {
              "outlinewidth": 0,
              "ticks": ""
             }
            },
            "type": "scatterpolar"
           }
          ],
          "scatterpolargl": [
           {
            "marker": {
             "colorbar": {
              "outlinewidth": 0,
              "ticks": ""
             }
            },
            "type": "scatterpolargl"
           }
          ],
          "scatterternary": [
           {
            "marker": {
             "colorbar": {
              "outlinewidth": 0,
              "ticks": ""
             }
            },
            "type": "scatterternary"
           }
          ],
          "surface": [
           {
            "colorbar": {
             "outlinewidth": 0,
             "ticks": ""
            },
            "colorscale": [
             [
              0,
              "#0d0887"
             ],
             [
              0.1111111111111111,
              "#46039f"
             ],
             [
              0.2222222222222222,
              "#7201a8"
             ],
             [
              0.3333333333333333,
              "#9c179e"
             ],
             [
              0.4444444444444444,
              "#bd3786"
             ],
             [
              0.5555555555555556,
              "#d8576b"
             ],
             [
              0.6666666666666666,
              "#ed7953"
             ],
             [
              0.7777777777777778,
              "#fb9f3a"
             ],
             [
              0.8888888888888888,
              "#fdca26"
             ],
             [
              1,
              "#f0f921"
             ]
            ],
            "type": "surface"
           }
          ],
          "table": [
           {
            "cells": {
             "fill": {
              "color": "#EBF0F8"
             },
             "line": {
              "color": "white"
             }
            },
            "header": {
             "fill": {
              "color": "#C8D4E3"
             },
             "line": {
              "color": "white"
             }
            },
            "type": "table"
           }
          ]
         },
         "layout": {
          "annotationdefaults": {
           "arrowcolor": "#2a3f5f",
           "arrowhead": 0,
           "arrowwidth": 1
          },
          "autotypenumbers": "strict",
          "coloraxis": {
           "colorbar": {
            "outlinewidth": 0,
            "ticks": ""
           }
          },
          "colorscale": {
           "diverging": [
            [
             0,
             "#8e0152"
            ],
            [
             0.1,
             "#c51b7d"
            ],
            [
             0.2,
             "#de77ae"
            ],
            [
             0.3,
             "#f1b6da"
            ],
            [
             0.4,
             "#fde0ef"
            ],
